8 0.323177 0.480769 0.016146 0.026923
8 0.430729 0.264423 0.012500 0.028846
8 0.427604 0.206731 0.013542 0.032692
5 0.533854 0.592308 0.013542 0.032692
5 0.547656 0.590385 0.014063 0.030769
0 0.344010 0.185096 0.013021 0.029808
0 0.356510 0.155769 0.016146 0.026923
0 0.386719 0.133173 0.016146 0.029808
0 0.458594 0.338942 0.016146 0.025962
0 0.473958 0.281250 0.014583 0.027885
7 0.352604 0.508654 0.014583 0.032692
7 0.412240 0.593269 0.015104 0.028846
7 0.381510 0.538462 0.016146 0.028846
7 0.502865 0.887981 0.016146 0.027885
7 0.442708 0.965385 0.014583 0.026923
7 0.520833 0.422596 0.015625 0.029808
7 0.609896 0.482212 0.015625 0.029808
7 0.520573 0.175962 0.013021 0.026923
7 0.567448 0.137019 0.014063 0.029808
7 0.583333 0.100962 0.013542 0.026923
6 0.329948 0.296635 0.015104 0.029808
6 0.358594 0.239904 0.013021 0.029808
