5 0.357031 0.425962 0.023438 0.036538
5 0.380990 0.423558 0.022396 0.045192
0 0.258073 0.851923 0.032813 0.063462
0 0.290885 0.790385 0.032813 0.055769
0 0.751302 0.825962 0.033854 0.055769
0 0.789844 0.885577 0.036979 0.063462
0 0.855729 0.399038 0.031250 0.034615
0 0.864844 0.355769 0.025521 0.040385
0 0.896875 0.388462 0.028125 0.044231
4 0.645573 0.354808 0.025521 0.040385
4 0.670833 0.384615 0.025000 0.038462
4 0.744792 0.410096 0.026042 0.037500
7 0.687500 0.777885 0.034375 0.053846
7 0.722135 0.835577 0.032813 0.061538
6 0.841667 0.871154 0.035417 0.061538
1 0.970833 0.413462 0.021875 0.046154
6 0.851042 0.800962 0.018750 0.050000
