8 0.664323 0.305288 0.021354 0.041346
8 0.642708 0.351442 0.021875 0.041346
8 0.647135 0.437500 0.022396 0.040385
0 0.529167 0.576442 0.021875 0.045192
0 0.508594 0.663462 0.021354 0.044231
0 0.557031 0.662981 0.023438 0.043269
0 0.555208 0.616346 0.021875 0.040385
2 0.571615 0.317308 0.024479 0.044231
2 0.677344 0.571154 0.028646 0.053846
2 0.879948 0.337019 0.027604 0.045192
6 0.635156 0.048077 0.026562 0.042308
6 0.839323 0.169231 0.021354 0.042308
6 0.859375 0.207212 0.021875 0.045192
6 0.969010 0.495192 0.025521 0.048077
6 0.947917 0.577404 0.026042 0.047115
7 0.155469 0.203846 0.028646 0.038462
7 0.259635 0.378846 0.024479 0.038462
7 0.363021 0.502404 0.022917 0.041346
7 0.442188 0.762019 0.021875 0.041346
7 0.471615 0.935096 0.026562 0.045192
7 0.516146 0.844231 0.022917 0.046154
7 0.564063 0.885096 0.023958 0.045192
7 0.605729 0.748558 0.021875 0.039423
7 0.624479 0.529327 0.026042 0.045192
7 0.597917 0.442308 0.021875 0.048077
7 0.436198 0.543750 0.027604 0.049038
7 0.503906 0.450000 0.023438 0.042308
7 0.454948 0.368750 0.024479 0.043269
7 0.526042 0.359135 0.021875 0.047115
7 0.477083 0.276923 0.025000 0.046154
7 0.402865 0.237981 0.024479 0.043269
7 0.306771 0.206250 0.025000 0.035577
7 0.265104 0.054327 0.025000 0.037500
7 0.378125 0.038462 0.025000 0.028846
7 0.448177 0.109135 0.024479 0.045192
7 0.542188 0.148077 0.022917 0.038462
7 0.614844 0.225962 0.022396 0.044231
7 0.588542 0.055769 0.023958 0.038462
7 0.925521 0.248077 0.026042 0.044231
7 0.884115 0.502885 0.024479 0.042308
7 0.869531 0.630288 0.026562 0.049038
7 0.903385 0.457212 0.020313 0.043269
7 0.967969 0.285577 0.022396 0.044231
