9 0.885417 0.944231 0.019792 0.030769
9 0.906510 0.944231 0.018229 0.028846
9 0.929167 0.946154 0.016667 0.028846
9 0.951823 0.944231 0.019271 0.032692
9 0.885938 0.909135 0.017708 0.029808
9 0.907813 0.909135 0.017708 0.031731
9 0.929688 0.908654 0.016667 0.030769
9 0.951042 0.909615 0.017708 0.028846
9 0.884896 0.875481 0.017708 0.029808
9 0.908073 0.874519 0.018229 0.027885
9 0.929167 0.874519 0.016667 0.027885
9 0.951042 0.873077 0.017708 0.028846
9 0.884896 0.839904 0.017708 0.029808
9 0.907292 0.840385 0.017708 0.028846
9 0.929167 0.839904 0.015625 0.027885
9 0.951042 0.839904 0.017708 0.029808
9 0.885417 0.804808 0.017708 0.030769
9 0.906771 0.804808 0.017708 0.030769
9 0.929167 0.804808 0.019792 0.030769
9 0.951042 0.806731 0.017708 0.030769
9 0.885938 0.770192 0.017708 0.032692
9 0.907292 0.771635 0.017708 0.029808
9 0.928646 0.769231 0.017708 0.032692
9 0.951042 0.770192 0.017708 0.030769
9 0.884635 0.735577 0.018229 0.030769
9 0.906510 0.737981 0.018229 0.029808
9 0.929167 0.735577 0.018750 0.030769
9 0.951042 0.737019 0.017708 0.029808
8 0.390885 0.538462 0.089063 0.159615
8 0.486458 0.692788 0.095833 0.164423
8 0.482292 0.393269 0.080208 0.146154
