7 0.484115 0.467308 0.010937 0.015385
7 0.494010 0.534135 0.010937 0.018269
7 0.503125 0.502404 0.009375 0.014423
7 0.521094 0.453365 0.008854 0.014423
7 0.526823 0.574519 0.010937 0.020192
7 0.582812 0.595192 0.011458 0.021154
7 0.602865 0.575962 0.011979 0.017308
7 0.608594 0.617788 0.013021 0.020192
7 0.569271 0.455288 0.009375 0.016346
7 0.575260 0.409615 0.007812 0.017308
7 0.593490 0.501442 0.009896 0.016346
7 0.608594 0.466346 0.009896 0.017308
7 0.617708 0.518269 0.010417 0.017308
7 0.630990 0.382212 0.010937 0.014423
7 0.632292 0.482692 0.011458 0.015385
7 0.634375 0.436058 0.011458 0.014423
7 0.654167 0.370192 0.010417 0.017308
7 0.696875 0.413942 0.013542 0.018269
7 0.669531 0.537500 0.011979 0.019231
7 0.665625 0.471635 0.010417 0.014423
7 0.670573 0.429808 0.010937 0.017308
7 0.701302 0.574038 0.010937 0.021154
7 0.730208 0.560096 0.014583 0.022115
7 0.739062 0.621154 0.012500 0.019231
7 0.753646 0.598077 0.016667 0.023077
7 0.702083 0.491346 0.011458 0.017308
7 0.727865 0.455288 0.014063 0.020192
7 0.770312 0.500000 0.019792 0.023077
7 0.682813 0.358173 0.011458 0.014423
7 0.726302 0.383173 0.014063 0.016346
7 0.339844 0.808173 0.016146 0.031731
7 0.311719 0.946635 0.018229 0.033654
7 0.451302 0.933173 0.019271 0.035577
7 0.565885 0.897115 0.018229 0.038462
7 0.609896 0.928365 0.014583 0.037500
7 0.627604 0.964423 0.019792 0.038462
7 0.761458 0.977885 0.029167 0.044231
0 0.542708 0.502404 0.011458 0.024038
0 0.544010 0.538942 0.009896 0.018269
0 0.555208 0.541827 0.012500 0.020192
0 0.563542 0.520673 0.011458 0.020192
0 0.407292 0.928365 0.015625 0.033654
0 0.389062 0.971154 0.016667 0.040385
0 0.524219 0.969231 0.017188 0.036538
0 0.453125 0.815385 0.012500 0.017308
0 0.465625 0.842788 0.010417 0.025962
0 0.403125 0.994231 0.011458 0.011538
0 0.539583 0.993269 0.014583 0.013462
0 0.508333 0.993750 0.013542 0.012500
8 0.631771 0.620192 0.013542 0.026923
8 0.660677 0.599038 0.013021 0.021154
6 0.713542 0.619712 0.010417 0.024038
6 0.723437 0.620673 0.009375 0.025962
6 0.721354 0.524519 0.012500 0.022115
6 0.738021 0.505288 0.013542 0.018269
6 0.764583 0.539904 0.019792 0.024038
6 0.714063 0.900481 0.020833 0.039423
6 0.721875 0.865865 0.022917 0.033654
2 0.578906 0.640385 0.013021 0.028846
2 0.633073 0.556731 0.011979 0.021154
2 0.670833 0.930769 0.021875 0.040385
2 0.754167 0.806731 0.017708 0.028846
2 0.771615 0.835577 0.017188 0.030769
