5 0.359896 0.810096 0.039583 0.074038
5 0.439063 0.879808 0.038542 0.076923
9 0.907031 0.840865 0.019271 0.031731
9 0.885156 0.909615 0.018229 0.030769
9 0.950781 0.943750 0.018229 0.033654
9 0.951042 0.804808 0.019792 0.034615
8 0.594271 0.877404 0.036458 0.072115
0 0.636458 0.809615 0.033333 0.073077
0 0.207552 0.589904 0.040104 0.068269
0 0.086458 0.449038 0.038542 0.065385
0 0.125521 0.376442 0.039583 0.070192
0 0.122396 0.225962 0.042708 0.071154
3 0.710938 0.589904 0.039583 0.070192
3 0.795312 0.737019 0.043750 0.072115
1 0.439583 0.041346 0.042708 0.034615
