0 0.319722 0.537981 0.145960 0.158654
0 0.470026 0.392308 0.133797 0.142308
8 0.478280 0.691827 0.153779 0.164423
9 0.804518 0.732212 0.027802 0.029808
9 0.841877 0.732692 0.029540 0.028846
9 0.877932 0.732692 0.028671 0.026923
9 0.914857 0.733173 0.027802 0.025962
9 0.804952 0.767308 0.026933 0.028846
9 0.841877 0.768269 0.029540 0.028846
9 0.877932 0.767308 0.028671 0.028846
9 0.915291 0.768269 0.028671 0.028846
9 0.804952 0.802404 0.028671 0.027885
9 0.842311 0.803846 0.030408 0.026923
9 0.878367 0.799519 0.027802 0.024038
9 0.915291 0.802404 0.026933 0.025962
9 0.805821 0.837019 0.026933 0.027885
9 0.842311 0.837019 0.028671 0.025962
9 0.877932 0.836058 0.026933 0.025962
9 0.914422 0.837500 0.025195 0.025000
9 0.805821 0.872596 0.026933 0.027885
9 0.842311 0.871635 0.030408 0.027885
9 0.878367 0.871154 0.029540 0.030769
9 0.914857 0.870673 0.029540 0.027885
9 0.805387 0.906250 0.029540 0.031731
9 0.841442 0.906250 0.030408 0.029808
9 0.878367 0.905769 0.031277 0.030769
9 0.914857 0.906250 0.031277 0.031731
9 0.804518 0.939904 0.034752 0.029808
9 0.842311 0.940385 0.032146 0.028846
9 0.878367 0.940385 0.031277 0.028846
9 0.915725 0.940385 0.033015 0.030769
