2 0.523438 0.588942 0.035417 0.070192
2 0.486979 0.658654 0.036458 0.065385
6 0.371615 0.590385 0.035937 0.065385
6 0.331250 0.663462 0.039583 0.067308
6 0.371615 0.732692 0.040104 0.067308
6 0.449740 0.731731 0.035937 0.069231
6 0.524740 0.803365 0.038021 0.070192
7 0.373177 0.519712 0.038021 0.072115
7 0.410156 0.446635 0.036979 0.072115
7 0.373958 0.380288 0.037500 0.066346
7 0.371094 0.234615 0.043229 0.073077
7 0.408073 0.162981 0.036979 0.072115
7 0.448698 0.308654 0.033854 0.073077
8 0.411719 0.308173 0.036979 0.064423
9 0.928906 0.804808 0.019271 0.034615
9 0.906510 0.838942 0.019271 0.033654
9 0.884635 0.911538 0.019271 0.030769
9 0.929688 0.873077 0.015625 0.023077
9 0.951302 0.941827 0.016146 0.033654
