0 0.459375 0.521154 0.030208 0.053846
0 0.485156 0.575481 0.030729 0.056731
0 0.516406 0.526442 0.031771 0.054808
0 0.505469 0.196635 0.024479 0.047115
0 0.530990 0.202885 0.026562 0.046154
0 0.695833 0.151442 0.025000 0.045192
0 0.721094 0.189423 0.024479 0.048077
8 0.290104 0.320673 0.029167 0.041346
4 0.662240 0.551442 0.029687 0.056731
4 0.758333 0.617788 0.034375 0.074038
4 0.791146 0.678846 0.038542 0.059615
1 0.356250 0.414423 0.029167 0.048077
1 0.379427 0.460577 0.026562 0.046154
1 0.302865 0.244712 0.024479 0.041346
3 0.355729 0.206731 0.022917 0.057692
4 0.410417 0.181250 0.025000 0.054808
4 0.434115 0.190385 0.023438 0.046154
2 0.310417 0.363942 0.023958 0.049038
2 0.297396 0.283173 0.028125 0.035577
6 0.625000 0.172596 0.021875 0.047115
6 0.651302 0.141827 0.023438 0.054808
7 0.745573 0.192308 0.024479 0.044231
7 0.776563 0.227404 0.027083 0.052885
