0 0.327865 0.585577 0.035937 0.061538
0 0.361198 0.646635 0.036979 0.064423
8 0.365104 0.531250 0.033333 0.054808
1 0.403906 0.373558 0.031771 0.052885
1 0.435937 0.327404 0.030208 0.054808
2 0.466406 0.240865 0.028646 0.049038
8 0.494531 0.199038 0.024479 0.042308
2 0.521094 0.200962 0.027604 0.046154
1 0.551042 0.200000 0.027083 0.050000
7 0.580729 0.236058 0.029167 0.050962
3 0.581771 0.279808 0.031250 0.048077
4 0.617188 0.369231 0.031250 0.055769
4 0.619792 0.425000 0.037500 0.053846
6 0.688281 0.914904 0.043229 0.083654
4 0.340365 0.979327 0.036979 0.041346
6 0.733333 0.978365 0.043750 0.043269
0 0.629427 0.586538 0.035937 0.063462
0 0.633333 0.650000 0.041667 0.067308
