8 0.650521 0.566827 0.022917 0.047115
8 0.715625 0.434615 0.022917 0.042308
8 0.694271 0.478846 0.022917 0.046154
8 0.697396 0.563942 0.020833 0.043269
6 0.681771 0.142308 0.022917 0.040385
6 0.687500 0.183654 0.023958 0.040385
6 0.564583 0.040865 0.023958 0.037500
6 0.886198 0.298077 0.021354 0.042308
6 0.906510 0.333173 0.023438 0.043269
7 0.220312 0.340385 0.028125 0.042308
7 0.323437 0.183654 0.023958 0.040385
7 0.323177 0.511058 0.023438 0.045192
7 0.366146 0.337019 0.025000 0.039423
7 0.434115 0.167308 0.021354 0.034615
7 0.407552 0.043750 0.025521 0.045192
7 0.521354 0.081250 0.021875 0.037500
7 0.504167 0.242308 0.021875 0.044231
7 0.461198 0.368269 0.022396 0.044231
7 0.422135 0.628846 0.021354 0.040385
7 0.494010 0.665865 0.021354 0.039423
7 0.499219 0.880769 0.021354 0.040385
7 0.559375 0.575962 0.021875 0.040385
7 0.510938 0.497596 0.021875 0.041346
7 0.532552 0.407692 0.022396 0.040385
7 0.596354 0.278365 0.021875 0.037500
7 0.581250 0.488942 0.022917 0.045192
7 0.641146 0.189423 0.025000 0.040385
7 0.666667 0.358173 0.022917 0.043269
7 0.609635 0.039423 0.024479 0.032692
7 0.677344 0.067788 0.024479 0.037500
7 0.927604 0.622115 0.026042 0.038462
7 0.947135 0.575000 0.019271 0.038462
7 0.967448 0.372115 0.024479 0.038462
7 0.951042 0.246635 0.025000 0.041346
7 0.659375 0.865865 0.025000 0.047115
7 0.569792 0.960096 0.025000 0.045192
7 0.675000 0.650481 0.028125 0.043269
0 0.583333 0.697115 0.022917 0.040385
0 0.563021 0.783654 0.021875 0.044231
0 0.608594 0.735096 0.026562 0.039423
0 0.609635 0.782692 0.028646 0.046154
2 0.625781 0.444231 0.025521 0.046154
2 0.730729 0.696154 0.029167 0.048077
2 0.927344 0.460577 0.027604 0.044231
