6 0.371615 0.862981 0.025521 0.052885
6 0.418490 0.780288 0.023438 0.045192
0 0.395052 0.692788 0.022396 0.043269
0 0.417969 0.650000 0.026562 0.042308
0 0.465104 0.604327 0.023958 0.049038
0 0.616667 0.895192 0.025000 0.038462
0 0.589583 0.978365 0.027083 0.043269
8 0.535677 0.741827 0.024479 0.045192
8 0.536719 0.828846 0.023438 0.044231
7 0.684375 0.698077 0.023958 0.046154
7 0.767708 0.657692 0.027083 0.048077
7 0.796615 0.610577 0.027604 0.046154
1 0.438542 0.473077 0.027083 0.050000
1 0.461198 0.424038 0.026562 0.046154
1 0.463021 0.333173 0.025000 0.047115
1 0.486979 0.280769 0.029167 0.053846
3 0.801562 0.374038 0.028125 0.055769
3 0.826302 0.470192 0.032813 0.048077
3 0.852083 0.420673 0.025000 0.050962
3 0.876042 0.420673 0.021875 0.050962
3 0.895573 0.472596 0.031771 0.049038
