7 0.331250 0.928846 0.026042 0.050000
7 0.427604 0.748558 0.021875 0.037500
7 0.509635 0.910096 0.020313 0.045192
7 0.590625 0.871154 0.022917 0.030769
7 0.337500 0.413942 0.015625 0.027885
7 0.367969 0.438942 0.015104 0.033654
7 0.399479 0.492308 0.015625 0.025000
7 0.620833 0.390865 0.016667 0.031731
7 0.522656 0.325481 0.014063 0.027885
7 0.518229 0.138942 0.011458 0.022115
7 0.560937 0.102404 0.012500 0.022115
7 0.574479 0.074038 0.014583 0.028846
8 0.308854 0.386538 0.018750 0.030769
8 0.433073 0.207212 0.013021 0.025962
8 0.431771 0.162981 0.010417 0.025962
6 0.332552 0.238462 0.016146 0.030769
0 0.353906 0.152404 0.010937 0.025962
0 0.367969 0.129808 0.015104 0.028846
0 0.457813 0.252885 0.015625 0.028846
0 0.474219 0.207212 0.013021 0.024038
1 0.383594 0.041827 0.013021 0.022115
