0 0.262240 0.428846 0.034896 0.055769
0 0.282292 0.357692 0.032292 0.057692
0 0.322396 0.384615 0.035417 0.055769
0 0.344792 0.867308 0.041667 0.080769
0 0.383594 0.834135 0.042188 0.075962
1 0.417708 0.360577 0.031250 0.063462
1 0.458073 0.386538 0.036979 0.051923
2 0.525260 0.387019 0.034896 0.049038
8 0.565625 0.406731 0.031250 0.048077
2 0.582812 0.450481 0.031250 0.047115
1 0.601562 0.502404 0.035417 0.058654
4 0.482292 0.739904 0.038542 0.066346
4 0.512760 0.710096 0.038021 0.070192
3 0.557813 0.598077 0.036458 0.063462
4 0.099479 0.543750 0.042708 0.058654
