9 0.885417 0.805769 0.019792 0.030769
9 0.907813 0.839423 0.016667 0.028846
9 0.885417 0.908654 0.018750 0.032692
9 0.886198 0.943750 0.018229 0.031731
9 0.951823 0.943269 0.020313 0.038462
9 0.928906 0.873558 0.018229 0.031731
9 0.951823 0.807212 0.018229 0.029808
5 0.288542 0.744231 0.037500 0.065385
5 0.366667 0.742788 0.036458 0.066346
5 0.404167 0.742308 0.037500 0.067308
8 0.251563 0.605288 0.040625 0.070192
8 0.252865 0.462981 0.034896 0.070192
8 0.438802 0.465865 0.035937 0.066346
8 0.439323 0.533173 0.038021 0.060577
4 0.369010 0.120673 0.036979 0.066346
