8 0.092188 0.457692 0.021875 0.028846
8 0.563281 0.300962 0.016146 0.032692
8 0.577083 0.272115 0.014583 0.030769
0 0.490885 0.450000 0.016146 0.028846
0 0.476823 0.508173 0.016146 0.027885
0 0.509115 0.506731 0.015104 0.025000
0 0.507552 0.479327 0.017188 0.029808
0 0.741927 0.566346 0.014063 0.028846
0 0.754167 0.535577 0.012500 0.026923
0 0.757031 0.589423 0.015104 0.028846
0 0.732292 0.782212 0.015625 0.031731
0 0.747656 0.807212 0.018229 0.031731
0 0.762240 0.777885 0.017188 0.034615
2 0.585938 0.437981 0.018750 0.035577
2 0.516406 0.278846 0.017188 0.030769
2 0.676042 0.075481 0.013542 0.027885
2 0.665365 0.105288 0.008854 0.027885
2 0.719531 0.296635 0.017188 0.031731
2 0.811979 0.148558 0.021875 0.033654
2 0.859635 0.306731 0.019271 0.028846
2 0.809115 0.344231 0.018229 0.032692
6 0.556510 0.079808 0.016146 0.023077
6 0.558333 0.105288 0.018750 0.024038
6 0.691406 0.184615 0.015104 0.030769
6 0.706510 0.212019 0.015104 0.031731
6 0.778385 0.068269 0.019271 0.032692
6 0.825000 0.229327 0.016667 0.031731
6 0.843490 0.257212 0.020313 0.033654
6 0.777604 0.399519 0.019792 0.033654
6 0.763802 0.456250 0.019271 0.035577
6 0.814844 0.476442 0.021354 0.035577
7 0.105469 0.399519 0.022396 0.033654
7 0.113021 0.337981 0.028125 0.035577
7 0.042188 0.083173 0.026042 0.033654
7 0.244792 0.201923 0.020833 0.028846
7 0.313542 0.314904 0.017708 0.022115
7 0.319792 0.111538 0.020833 0.032692
7 0.345313 0.206250 0.016667 0.029808
7 0.392448 0.100481 0.016146 0.025962
7 0.408594 0.226923 0.016146 0.032692
7 0.382031 0.398558 0.016146 0.033654
7 0.430469 0.424519 0.017188 0.033654
7 0.434375 0.569231 0.015625 0.030769
7 0.452604 0.679327 0.016667 0.031731
7 0.479948 0.619231 0.016146 0.030769
7 0.512500 0.646154 0.019792 0.030769
7 0.539323 0.557692 0.015104 0.034615
7 0.442188 0.310577 0.016667 0.028846
7 0.455208 0.251442 0.015625 0.031731
7 0.437240 0.144712 0.016146 0.031731
7 0.450000 0.043269 0.015625 0.030769
7 0.498437 0.170673 0.017708 0.029808
7 0.527604 0.110096 0.015625 0.029808
7 0.472656 0.367308 0.017188 0.032692
7 0.488542 0.304327 0.015625 0.033654
7 0.545573 0.224038 0.016146 0.032692
7 0.534635 0.362981 0.014063 0.033654
7 0.552344 0.418750 0.014063 0.033654
7 0.566146 0.361538 0.013542 0.026923
7 0.735938 0.154808 0.016667 0.032692
7 0.747135 0.241827 0.016146 0.027885
7 0.731510 0.700000 0.013021 0.030769
7 0.711719 0.486538 0.015104 0.026923
7 0.722135 0.408173 0.014063 0.029808
7 0.735156 0.376923 0.015104 0.028846
7 0.777083 0.265865 0.016667 0.029808
7 0.800781 0.585577 0.021354 0.030769
7 0.828385 0.421154 0.021354 0.030769
7 0.773438 0.665865 0.017708 0.031731
7 0.803125 0.692308 0.014583 0.026923
7 0.792969 0.829808 0.016146 0.036538
7 0.813542 0.909615 0.019792 0.030769
7 0.688281 0.942308 0.019271 0.040385
7 0.746354 0.954327 0.016667 0.035577
7 0.819271 0.719712 0.017708 0.029808
7 0.838802 0.851923 0.014063 0.028846
7 0.852083 0.825000 0.014583 0.026923
7 0.847135 0.609615 0.017188 0.030769
6 0.011458 0.469231 0.021875 0.034615
0 0.004948 0.202885 0.007812 0.044231
