9 0.907292 0.838462 0.018750 0.034615
9 0.885417 0.909135 0.018750 0.029808
9 0.951562 0.804808 0.017708 0.032692
9 0.950781 0.942788 0.018229 0.029808
1 0.619271 0.098077 0.036458 0.073077
0 0.309635 0.300962 0.040104 0.071154
0 0.312240 0.447596 0.040104 0.070192
0 0.272917 0.523077 0.038542 0.071154
0 0.390885 0.661538 0.035937 0.071154
0 0.817448 0.879808 0.034896 0.073077
8 0.776302 0.949519 0.038021 0.070192
3 0.892708 0.652885 0.045833 0.053846
5 0.543750 0.878846 0.037500 0.075000
5 0.622917 0.949038 0.038542 0.073077
