4 0.288021 0.746154 0.043750 0.073077
4 0.591927 0.167788 0.034896 0.050962
4 0.588802 0.112500 0.033854 0.061538
3 0.549740 0.033173 0.034896 0.022115
1 0.352344 0.128846 0.035937 0.057692
1 0.387500 0.077885 0.032292 0.050000
6 0.664583 0.639904 0.041667 0.083654
6 0.714583 0.716346 0.044792 0.088462
0 0.602344 0.325481 0.036979 0.062500
0 0.605469 0.389423 0.041146 0.063462
0 0.688021 0.960577 0.046875 0.078846
0 0.729427 0.877885 0.046354 0.090385
0 0.270833 0.344231 0.040625 0.063462
0 0.307031 0.399519 0.035937 0.066346
0 0.312760 0.284615 0.038021 0.059615
