7 0.551302 0.454808 0.022396 0.038462
7 0.578906 0.599038 0.023438 0.042308
7 0.594010 0.525481 0.023438 0.037500
7 0.628125 0.421154 0.021875 0.030769
7 0.648698 0.679327 0.024479 0.041346
7 0.726042 0.424519 0.023958 0.035577
7 0.732031 0.329327 0.022396 0.035577
7 0.766667 0.726442 0.026042 0.043269
7 0.806771 0.682692 0.029167 0.044231
7 0.780469 0.528846 0.030729 0.042308
7 0.813281 0.454327 0.024479 0.037500
7 0.859115 0.386058 0.022396 0.035577
7 0.850521 0.276923 0.020833 0.034615
7 0.889844 0.244231 0.018229 0.032692
7 0.951562 0.219231 0.026042 0.028846
7 0.932813 0.371635 0.022917 0.037500
7 0.833854 0.560096 0.028125 0.045192
7 0.824219 0.771635 0.030729 0.050962
7 0.860156 0.487019 0.023438 0.039423
7 0.928646 0.456731 0.025000 0.046154
7 0.943229 0.603365 0.028125 0.045192
7 0.975000 0.339904 0.014583 0.031731
0 0.673958 0.527404 0.023958 0.041346
0 0.681771 0.602885 0.022917 0.040385
0 0.705729 0.606731 0.025000 0.042308
0 0.720573 0.565385 0.025521 0.040385
2 0.766667 0.820192 0.029167 0.057692
2 0.869271 0.638942 0.028125 0.049038
