0 0.388542 0.187019 0.028125 0.047115
0 0.387500 0.233654 0.028125 0.044231
4 0.376563 0.364904 0.033333 0.054808
4 0.372917 0.412019 0.033333 0.043269
3 0.397396 0.519712 0.035417 0.060577
7 0.394792 0.577885 0.033333 0.067308
1 0.425260 0.640865 0.032813 0.060577
2 0.460417 0.644712 0.032292 0.070192
2 0.529167 0.587981 0.035417 0.060577
8 0.492188 0.644712 0.034375 0.062500
1 0.558333 0.478365 0.031250 0.066346
1 0.589844 0.427404 0.032813 0.058654
0 0.610938 0.202885 0.029167 0.048077
0 0.614062 0.286058 0.031250 0.050962
0 0.642188 0.241827 0.030208 0.049038
6 0.374740 0.041827 0.033854 0.039423
