8 0.485677 0.432212 0.043229 0.074038
8 0.448177 0.576442 0.038021 0.075962
3 0.408594 0.571635 0.039062 0.066346
3 0.369792 0.498077 0.041667 0.073077
3 0.407031 0.431250 0.039062 0.075962
1 0.601562 0.717788 0.037500 0.077885
1 0.640365 0.646635 0.036979 0.075962
1 0.681250 0.644712 0.040625 0.070192
1 0.638281 0.431731 0.036979 0.063462
1 0.679167 0.503365 0.041667 0.070192
9 0.928906 0.803846 0.018229 0.036538
9 0.907292 0.839423 0.014583 0.028846
9 0.885938 0.912019 0.012500 0.018269
9 0.951562 0.943750 0.017708 0.031731
9 0.929688 0.873558 0.017708 0.035577
