7 0.222917 0.604808 0.029167 0.048077
7 0.326302 0.773558 0.024479 0.047115
7 0.372135 0.594231 0.025521 0.042308
7 0.328385 0.425481 0.023438 0.037500
7 0.299740 0.260096 0.023438 0.039423
7 0.360156 0.112019 0.022396 0.045192
7 0.412240 0.285577 0.024479 0.042308
7 0.479687 0.196154 0.021875 0.040385
7 0.441146 0.414904 0.021875 0.037500
7 0.528125 0.323077 0.023958 0.042308
7 0.549740 0.092788 0.027604 0.050962
7 0.617448 0.277885 0.022396 0.044231
7 0.662240 0.229327 0.020313 0.043269
7 0.688021 0.308654 0.025000 0.046154
7 0.650000 0.435577 0.027083 0.044231
7 0.468229 0.627404 0.023958 0.043269
7 0.518750 0.756250 0.023958 0.047115
7 0.427865 0.890865 0.024479 0.047115
7 0.501042 0.925481 0.023958 0.049038
7 0.539323 0.662019 0.025521 0.045192
7 0.566927 0.829808 0.023438 0.042308
7 0.589063 0.745192 0.025000 0.042308
7 0.510417 0.492788 0.022917 0.049038
7 0.605208 0.526923 0.026042 0.050000
7 0.676823 0.611538 0.027604 0.048077
7 0.725781 0.687500 0.025521 0.044231
7 0.964063 0.492788 0.025000 0.049038
6 0.548438 0.194231 0.020833 0.042308
6 0.594010 0.142308 0.024479 0.050000
6 0.571875 0.273558 0.021875 0.043269
6 0.691146 0.389904 0.021875 0.043269
6 0.695052 0.433654 0.027604 0.036538
6 0.897917 0.540385 0.021875 0.046154
6 0.919271 0.580288 0.021875 0.041346
2 0.634635 0.701442 0.024479 0.049038
2 0.740625 0.962500 0.029167 0.055769
8 0.659896 0.824038 0.023958 0.044231
8 0.707552 0.822115 0.023438 0.048077
8 0.703906 0.732212 0.024479 0.041346
7 0.686198 0.910096 0.027604 0.043269
0 0.592448 0.953846 0.023438 0.040385
0 0.617969 0.987019 0.024479 0.025962
