7 0.449219 0.536538 0.013021 0.025000
8 0.492188 0.567308 0.014583 0.026923
0 0.542708 0.376442 0.011458 0.018269
0 0.557292 0.393269 0.012500 0.019231
0 0.544531 0.412019 0.014063 0.020192
0 0.446094 0.389423 0.011979 0.017308
0 0.447135 0.370673 0.010937 0.022115
0 0.433073 0.265385 0.010937 0.017308
0 0.445312 0.254327 0.008333 0.012500
7 0.457552 0.226442 0.010937 0.024038
7 0.446354 0.241346 0.009375 0.017308
6 0.430469 0.288462 0.010937 0.015385
6 0.440885 0.304808 0.008854 0.019231
3 0.450000 0.511538 0.014583 0.025000
1 0.462240 0.565385 0.013021 0.028846
1 0.521094 0.495192 0.015104 0.026923
1 0.533854 0.472115 0.014583 0.025000
4 0.441146 0.446635 0.012500 0.024038
4 0.440104 0.469231 0.013542 0.021154
4 0.540365 0.296154 0.011979 0.023077
4 0.548177 0.254808 0.010937 0.019231
4 0.558073 0.245673 0.010937 0.022115
