7 0.302604 0.737019 0.039583 0.070192
7 0.339062 0.802885 0.035417 0.069231
0 0.376042 0.796635 0.038542 0.060577
0 0.411198 0.861058 0.039062 0.066346
6 0.484115 0.849038 0.035937 0.065385
6 0.518750 0.770673 0.037500 0.062500
4 0.347135 0.223077 0.029687 0.050000
4 0.373437 0.262500 0.032292 0.046154
4 0.461979 0.288462 0.030208 0.055769
4 0.783594 0.666827 0.036979 0.068269
4 0.821615 0.659135 0.045312 0.070192
0 0.602604 0.275962 0.029167 0.050000
0 0.627604 0.223558 0.030208 0.056731
0 0.660937 0.263942 0.030208 0.056731
0 0.650000 0.683654 0.033333 0.065385
0 0.684375 0.684615 0.035417 0.071154
1 0.751563 0.292788 0.032292 0.058654
1 0.789062 0.339423 0.034375 0.048077
1 0.923438 0.523558 0.038542 0.062500
2 0.856771 0.375000 0.036458 0.057692
2 0.909115 0.466827 0.030729 0.052885
8 0.898438 0.421154 0.039583 0.050000
7 0.906250 0.580769 0.040625 0.050000
3 0.875260 0.587981 0.043229 0.060577
