7 0.429948 0.655769 0.024479 0.050000
7 0.412760 0.512500 0.020313 0.032692
7 0.475260 0.576442 0.021354 0.037500
7 0.520573 0.604327 0.024479 0.041346
7 0.553125 0.503846 0.020833 0.030769
7 0.557813 0.371154 0.018750 0.028846
7 0.419531 0.376442 0.017188 0.027885
7 0.368229 0.351923 0.016667 0.032692
7 0.471615 0.330769 0.016146 0.030769
7 0.535937 0.326923 0.014583 0.030769
7 0.569271 0.321635 0.017708 0.029808
7 0.438802 0.284615 0.017188 0.028846
7 0.486198 0.284135 0.015104 0.024038
7 0.454688 0.250000 0.013542 0.023077
7 0.411979 0.233654 0.012500 0.021154
7 0.355469 0.219712 0.014063 0.020192
7 0.341146 0.185577 0.011458 0.021154
7 0.338802 0.134135 0.010937 0.027885
7 0.376302 0.081731 0.009896 0.019231
7 0.395573 0.133654 0.011979 0.028846
7 0.406250 0.178846 0.014583 0.019231
7 0.442448 0.194712 0.014063 0.022115
7 0.434375 0.108173 0.011458 0.027885
7 0.457813 0.155288 0.013542 0.020192
7 0.468750 0.077885 0.013542 0.028846
7 0.497917 0.207212 0.013542 0.024038
7 0.541667 0.237500 0.016667 0.026923
7 0.522656 0.177404 0.014063 0.020192
7 0.505208 0.140385 0.012500 0.023077
7 0.525781 0.127885 0.011979 0.025000
7 0.708073 0.205769 0.016146 0.028846
7 0.735938 0.261058 0.019792 0.025962
7 0.769531 0.279327 0.018229 0.020192
7 0.753906 0.358654 0.011979 0.023077
7 0.908854 0.559135 0.031250 0.037500
7 0.911458 0.663462 0.032292 0.030769
7 0.109896 0.154808 0.020833 0.021154
7 0.181771 0.103846 0.016667 0.021154
7 0.088021 0.296635 0.016667 0.029808
7 0.973958 0.578846 0.014583 0.030769
7 0.867188 0.387500 0.026042 0.032692
0 0.472656 0.457692 0.019271 0.028846
0 0.489063 0.400962 0.017708 0.034615
0 0.508854 0.425000 0.018750 0.026923
0 0.511198 0.455769 0.022396 0.030769
0 0.034115 0.214904 0.017188 0.027885
0 0.014844 0.200962 0.019271 0.025000
0 0.825260 0.500481 0.024479 0.033654
0 0.820052 0.535096 0.023438 0.033654
0 0.851562 0.563942 0.029167 0.031731
2 0.598698 0.376442 0.021354 0.029808
2 0.516146 0.267308 0.017708 0.025000
2 0.822917 0.330288 0.021875 0.029808
2 0.775000 0.203365 0.019792 0.025962
2 0.865104 0.296635 0.019792 0.029808
8 0.564063 0.284615 0.015625 0.028846
6 0.467448 0.117788 0.013021 0.022115
6 0.479948 0.140865 0.010937 0.024038
6 0.491406 0.097596 0.013021 0.027885
6 0.547396 0.170673 0.017708 0.025962
6 0.729948 0.164423 0.016146 0.028846
6 0.806250 0.379327 0.022917 0.031731
6 0.810156 0.430769 0.027604 0.030769
6 0.876302 0.441346 0.028646 0.034615
6 0.807292 0.250481 0.019792 0.031731
6 0.832552 0.266827 0.020313 0.029808
2 0.656771 0.073077 0.013542 0.028846
