4 0.239323 0.236058 0.031771 0.049038
4 0.266146 0.277885 0.032292 0.044231
4 0.353646 0.305769 0.028125 0.057692
4 0.663542 0.694712 0.035417 0.068269
4 0.700521 0.686538 0.043750 0.065385
3 0.757552 0.612019 0.038021 0.062500
8 0.791667 0.439904 0.035417 0.052885
2 0.751042 0.397115 0.033333 0.053846
2 0.801042 0.490865 0.036458 0.056731
7 0.791927 0.608654 0.041146 0.059615
7 0.164583 0.770192 0.050000 0.069231
7 0.201563 0.836058 0.035417 0.075962
6 0.344531 0.882692 0.033854 0.069231
6 0.384635 0.800481 0.032813 0.064423
1 0.647656 0.312981 0.031771 0.062500
1 0.683854 0.360577 0.032292 0.050000
1 0.810937 0.549038 0.034375 0.061538
0 0.239063 0.828846 0.038542 0.071154
0 0.272656 0.897115 0.044271 0.071154
0 0.523958 0.713462 0.034375 0.069231
0 0.560156 0.712500 0.038021 0.071154
0 0.499479 0.291827 0.031250 0.045192
0 0.557552 0.279808 0.028646 0.055769
0 0.525781 0.239904 0.028646 0.058654
