8 0.231510 0.915385 0.038021 0.065385
8 0.419010 0.843750 0.032813 0.064423
8 0.418490 0.781731 0.033854 0.067308
5 0.231771 0.778846 0.036458 0.067308
4 0.348438 0.430288 0.038542 0.066346
4 0.269010 0.292788 0.036979 0.064423
4 0.346615 0.227404 0.033854 0.068269
4 0.271094 0.084615 0.035937 0.067308
4 0.417969 0.080769 0.032813 0.067308
9 0.885417 0.909135 0.016667 0.031731
9 0.951042 0.944712 0.019792 0.031731
9 0.885938 0.943750 0.017708 0.031731
9 0.929427 0.875000 0.016146 0.028846
9 0.885938 0.806250 0.017708 0.029808
9 0.907292 0.840385 0.016667 0.030769
9 0.950781 0.805769 0.018229 0.030769
