0 0.473177 0.550481 0.024479 0.047115
0 0.496094 0.462981 0.024479 0.041346
0 0.521615 0.502404 0.023438 0.041346
0 0.522917 0.547596 0.026042 0.045192
0 0.904687 0.593269 0.022917 0.042308
0 0.884375 0.637500 0.021875 0.044231
0 0.909115 0.666346 0.023438 0.021154
8 0.631250 0.188942 0.026042 0.037500
8 0.609375 0.233173 0.022917 0.043269
2 0.642448 0.447596 0.027604 0.043269
2 0.536979 0.196635 0.025000 0.043269
2 0.849740 0.224038 0.025521 0.040385
6 0.807552 0.051442 0.020313 0.045192
6 0.828906 0.092308 0.022396 0.046154
6 0.916667 0.466827 0.022917 0.049038
6 0.939583 0.385577 0.026042 0.044231
7 0.270313 0.086058 0.023958 0.035577
7 0.220312 0.256731 0.026042 0.040385
7 0.325781 0.385577 0.023438 0.050000
7 0.401562 0.426442 0.023958 0.045192
7 0.405729 0.646635 0.023958 0.045192
7 0.435937 0.821154 0.022917 0.042308
7 0.480469 0.729327 0.022396 0.047115
7 0.528125 0.767788 0.022917 0.041346
7 0.570573 0.630769 0.022396 0.042308
7 0.589323 0.409135 0.024479 0.043269
7 0.562500 0.324519 0.022917 0.045192
7 0.611979 0.324038 0.023958 0.040385
7 0.468750 0.333654 0.023958 0.044231
7 0.418750 0.250962 0.023958 0.046154
7 0.366667 0.117788 0.023958 0.041346
7 0.441146 0.157692 0.023958 0.040385
7 0.490625 0.238462 0.025000 0.044231
7 0.580469 0.112019 0.024479 0.041346
7 0.872917 0.347596 0.021875 0.045192
7 0.852865 0.390865 0.022396 0.041346
7 0.838281 0.518750 0.024479 0.043269
